0 0
0.005 0
0.01 0
0.015 0
0.02 0
0.025 0
0.03 0
0.035 0
0.04 0
0.045 0
0.05 0
0.055 0
0.06 0
0.065 0
0.07 0
0.075 0
0.08 0
0.085 0
0.09 0
0.095 0
0.1 0
0.105 0
0.11 0
0.115 0
0.12 0
0.125 0
0.13 0
0.135 0
0.14 0
0.145 0
0.15 0
0.155 0
0.16 0
0.165 0
0.17 0
0.175 0
0.18 0
0.185 0
0.19 0
0.195 0
0.2 0
0.205 0
0.21 0
0.215 0
0.22 0
0.225 0
0.23 0
0.235 0
0.24 0
0.245 0
0.25 0
0.255 0
0.26 0
0.265 0
0.27 0
0.275 0
0.28 4.94066e-324
0.285 1.08694e-322
0.29 1.61065e-321
0.295 2.42487e-320
0.3 3.61691e-319
0.305 5.35999e-318
0.31 7.90371e-317
0.315 1.15966e-315
0.32 1.69301e-314
0.325 2.45933e-313
0.33 3.55468e-312
0.335 5.11225e-311
0.34 7.31562e-310
0.345 1.04164e-308
0.35 1.47575e-307
0.355 2.08035e-306
0.36 2.918e-305
0.365 4.07252e-304
0.37 5.65547e-303
0.375 7.81452e-302
0.38 1.07439e-300
0.385 1.46978e-299
0.39 2.00063e-298
0.395 2.70964e-297
0.4 3.6516e-296
0.405 4.89646e-295
0.41 6.53295e-294
0.415 8.67289e-293
0.42 1.14563e-291
0.425 1.50576e-290
0.43 1.96921e-289
0.435 2.56247e-288
0.44 3.31781e-287
0.445 4.27436e-286
0.45 5.47923e-285
0.455 6.98868e-284
0.46 8.86948e-283
0.465 1.12003e-281
0.47 1.4073e-280
0.475 1.75944e-279
0.48 2.18871e-278
0.485 2.70913e-277
0.49 3.33655e-276
0.495 4.08879e-275
0.5 4.98562e-274
0.505 6.04882e-273
0.51 7.30214e-272
0.515 8.77117e-271
0.52 1.04832e-269
0.525 1.24668e-268
0.53 1.47518e-267
0.535 1.73685e-266
0.54 2.03473e-265
0.545 2.3718e-264
0.55 2.75093e-263
0.555 3.17473e-262
0.56 3.64554e-261
0.565 4.16528e-260
0.57 4.73538e-259
0.575 5.35664e-258
0.58 6.02918e-257
0.585 6.75229e-256
0.59 7.5244e-255
0.595 8.34295e-254
0.6 9.2044e-253
0.605 1.01041e-251
0.61 1.10364e-250
0.615 1.19946e-249
0.62 1.2971e-248
0.625 1.39568e-247
0.63 1.49426e-246
0.635 1.59182e-245
0.64 1.68729e-244
0.645 1.77957e-243
0.65 1.86752e-242
0.655 1.95004e-241
0.66 2.02604e-240
0.665 2.09451e-239
0.67 2.15448e-238
0.675 2.20511e-237
0.68 2.24567e-236
0.685 2.27556e-235
0.69 2.29435e-234
0.695 2.30175e-233
0.7 2.29765e-232
0.705 2.28211e-231
0.71 2.25536e-230
0.715 2.21781e-229
0.72 2.17e-228
0.725 2.11262e-227
0.73 2.0465e-226
0.735 1.97255e-225
0.74 1.89179e-224
0.745 1.80529e-223
0.75 1.71414e-222
0.755 1.61947e-221
0.76 1.52239e-220
0.765 1.424e-219
0.77 1.32531e-218
0.775 1.22731e-217
0.78 1.13088e-216
0.785 1.03683e-215
0.79 9.45862e-215
0.795 8.58566e-214
0.8 7.75438e-213
0.805 6.96864e-212
0.81 6.23126e-211
0.815 5.5441e-210
0.82 4.9081e-209
0.825 4.32338e-208
0.83 3.78932e-207
0.835 3.30465e-206
0.84 2.86759e-205
0.845 2.47592e-204
0.85 2.12707e-203
0.855 1.81826e-202
0.86 1.54653e-201
0.865 1.30884e-200
0.87 1.10215e-199
0.875 9.23472e-199
0.88 7.69899e-198
0.885 6.38662e-197
0.89 5.27151e-196
0.895 4.32939e-195
0.9 3.5379e-194
0.905 2.87668e-193
0.91 2.32737e-192
0.915 1.87355e-191
0.92 1.5007e-190
0.925 1.19605e-189
0.93 9.48485e-189
0.935 7.4841e-188
0.94 5.87592e-187
0.945 4.59028e-186
0.95 3.56804e-185
0.955 2.75961e-184
0.96 2.1237e-183
0.965 1.62617e-182
0.97 1.23898e-181
0.975 9.3927e-181
0.98 7.08507e-180
0.985 5.31771e-179
0.99 3.97129e-178
0.995 2.95098e-177
1 2.18187e-176
1.005 1.60516e-175
1.01 1.17499e-174
1.015 8.55807e-174
1.02 6.2022e-173
1.025 4.47242e-172
1.03 3.20897e-171
1.035 2.29096e-170
1.04 1.6274e-169
1.045 1.15027e-168
1.05 8.08969e-168
1.055 5.66097e-167
1.06 3.94164e-166
1.065 2.7308e-165
1.07 1.88247e-164
1.075 1.29121e-163
1.08 8.81229e-163
1.085 5.98425e-162
1.09 4.04349e-161
1.095 2.71851e-160
1.1 1.81858e-159
1.105 1.21049e-158
1.11 8.01705e-158
1.115 5.28319e-157
1.12 3.46422e-156
1.125 2.26017e-155
1.13 1.46724e-154
1.135 9.47744e-154
1.14 6.09126e-153
1.145 3.89538e-152
1.15 2.47867e-151
1.155 1.56933e-150
1.16 9.88638e-150
1.165 6.19707e-149
1.17 3.86512e-148
1.175 2.39864e-147
1.18 1.48114e-146
1.185 9.10021e-146
1.19 5.56333e-145
1.195 3.38411e-144
1.2 2.04824e-143
1.205 1.23351e-142
1.21 7.3915e-142
1.215 4.40706e-141
1.22 2.61452e-140
1.225 1.54334e-139
1.23 9.06476e-139
1.235 5.29759e-138
1.24 3.08054e-137
1.245 1.78239e-136
1.25 1.02614e-135
1.255 5.87805e-135
1.26 3.35033e-134
1.265 1.90007e-133
1.27 1.0722e-132
1.275 6.0202e-132
1.28 3.36335e-131
1.285 1.86964e-130
1.29 1.03412e-129
1.295 5.6913e-129
1.3 3.11658e-128
1.305 1.69813e-127
1.31 9.20638e-127
1.315 4.96631e-126
1.32 2.66566e-125
1.325 1.42365e-124
1.33 7.56531e-124
1.335 4.00015e-123
1.34 2.10452e-122
1.345 1.10168e-121
1.35 5.73831e-121
1.355 2.97399e-120
1.36 1.53363e-119
1.365 7.86913e-119
1.37 4.01754e-118
1.375 2.04089e-117
1.38 1.03158e-116
1.385 5.18819e-116
1.39 2.59629e-115
1.395 1.29276e-114
1.4 6.4048e-114
1.405 3.15734e-113
1.41 1.54868e-112
1.415 7.55839e-112
1.42 3.67048e-111
1.425 1.77354e-110
1.43 8.5268e-110
1.435 4.07903e-109
1.44 1.94157e-108
1.445 9.1955e-108
1.45 4.33334e-107
1.455 2.03187e-106
1.46 9.47974e-106
1.465 4.4007e-105
1.47 2.03269e-104
1.475 9.34219e-104
1.48 4.27219e-103
1.485 1.94392e-102
1.49 8.80099e-102
1.495 3.9647e-101
1.5 1.77711e-100
1.505 7.92582e-100
1.51 3.51722e-99
1.515 1.55303e-98
1.52 6.82317e-98
1.525 2.98275e-97
1.53 1.2974e-96
1.535 5.61508e-96
1.54 2.41804e-95
1.545 1.03609e-94
1.55 4.41727e-94
1.555 1.87386e-93
1.56 7.90944e-93
1.565 3.32184e-92
1.57 1.38815e-91
1.575 5.77193e-91
1.58 2.38798e-90
1.585 9.83023e-90
1.59 4.02645e-89
1.595 1.64099e-88
1.6 6.65449e-88
1.605 2.68502e-87
1.61 1.07797e-86
1.615 4.30615e-86
1.62 1.71158e-85
1.625 6.76909e-85
1.63 2.66371e-84
1.635 1.04297e-83
1.64 4.06328e-83
1.645 1.5751e-82
1.65 6.07525e-82
1.655 2.33155e-81
1.66 8.90326e-81
1.665 3.38282e-80
1.67 1.27889e-79
1.675 4.81073e-79
1.68 1.80058e-78
1.685 6.70564e-78
1.69 2.4848e-77
1.695 9.16149e-77
1.7 3.36098e-76
1.705 1.22684e-75
1.71 4.45592e-75
1.715 1.61031e-74
1.72 5.79034e-74
1.725 2.07169e-73
1.73 7.37509e-73
1.735 2.61237e-72
1.74 9.20717e-72
1.745 3.2288e-71
1.75 1.12663e-70
1.755 3.91149e-70
1.76 1.35123e-69
1.765 4.64448e-69
1.77 1.58844e-68
1.775 5.40539e-68
1.78 1.83023e-67
1.785 6.16609e-67
1.79 2.06698e-66
1.795 6.89423e-66
1.8 2.28801e-65
1.805 7.55535e-65
1.81 2.48241e-64
1.815 8.11551e-64
1.82 2.63986e-63
1.825 8.54415e-63
1.83 2.75157e-62
1.835 8.81685e-62
1.84 2.81106e-61
1.845 8.91762e-61
1.85 2.81482e-60
1.855 8.84045e-60
1.86 2.76262e-59
1.865 8.58994e-59
1.87 2.65755e-58
1.875 8.18078e-58
1.88 2.50571e-57
1.885 7.63639e-57
1.89 2.31562e-56
1.895 6.98667e-56
1.9 2.09746e-55
1.905 6.26526e-55
1.91 1.86212e-54
1.915 5.50676e-54
1.92 1.62034e-53
1.925 4.74393e-53
1.93 1.38195e-52
1.935 4.0056e-52
1.94 1.15522e-51
1.945 3.31498e-51
1.95 9.46498e-51
1.955 2.68893e-50
1.96 7.60081e-50
1.965 2.13777e-49
1.97 5.98251e-49
1.975 1.66581e-48
1.98 4.61519e-48
1.985 1.27225e-47
1.99 3.48962e-47
1.995 9.52364e-47
2 2.58612e-46
2.005 6.98736e-46
2.01 1.87844e-45
2.015 5.02462e-45
2.02 1.3373e-44
2.025 3.54138e-44
2.03 9.33118e-44
2.035 2.44636e-43
2.04 6.38151e-43
2.045 1.65632e-42
2.05 4.27747e-42
2.055 1.09913e-41
2.06 2.81013e-41
2.065 7.14866e-41
2.07 1.80943e-40
2.075 4.55698e-40
2.08 1.14191e-39
2.085 2.84711e-39
2.09 7.06308e-39
2.095 1.74342e-38
2.1 4.28183e-38
2.105 1.04634e-37
2.11 2.54411e-37
2.115 6.15481e-37
2.12 1.48153e-36
2.125 3.54834e-36
2.13 8.45585e-36
2.135 2.00496e-35
2.14 4.7301e-35
2.145 1.11033e-34
2.15 2.59328e-34
2.155 6.02649e-34
2.16 1.39346e-33
2.165 3.20584e-33
2.17 7.33846e-33
2.175 1.67141e-32
2.18 3.78771e-32
2.185 8.54055e-32
2.19 1.91607e-31
2.195 4.2771e-31
2.2 9.49957e-31
2.205 2.09929e-30
2.21 4.61589e-30
2.215 1.00984e-29
2.22 2.19819e-29
2.225 4.76091e-29
2.23 1.02596e-28
2.235 2.19979e-28
2.24 4.69297e-28
2.245 9.96153e-28
2.25 2.10386e-27
2.255 4.42101e-27
2.26 9.24354e-27
2.265 1.92294e-26
2.27 3.98022e-26
2.275 8.19708e-26
2.28 1.67967e-25
2.285 3.4245e-25
2.29 6.94677e-25
2.295 1.4021e-24
2.3 2.8157e-24
2.305 5.62604e-24
2.31 1.11848e-23
2.315 2.21241e-23
2.32 4.35422e-23
2.325 8.52639e-23
2.33 1.66122e-22
2.335 3.22032e-22
2.34 6.21125e-22
2.345 1.19197e-21
2.35 2.27594e-21
2.355 4.32377e-21
2.36 8.17281e-21
2.365 1.53704e-20
2.37 2.87612e-20
2.375 5.35469e-20
2.38 9.91897e-20
2.385 1.82812e-19
2.39 3.35232e-19
2.395 6.11634e-19
2.4 1.1103e-18
2.405 2.00537e-18
2.41 3.60372e-18
2.415 6.44331e-18
2.42 1.14623e-17
2.425 2.02877e-17
2.43 3.5727e-17
2.435 6.2598e-17
2.44 1.09125e-16
2.445 1.89273e-16
2.45 3.26628e-16
2.455 5.60809e-16
2.46 9.58023e-16
2.465 1.6283e-15
2.47 2.75352e-15
2.475 4.63277e-15
2.48 7.75511e-15
2.485 1.29161e-14
2.49 2.14027e-14
2.495 3.52858e-14
2.5 5.78795e-14
2.505 9.44588e-14
2.51 1.53374e-13
2.515 2.47772e-13
2.52 3.98239e-13
2.525 6.36832e-13
2.53 1.0132e-12
2.535 1.60381e-12
2.54 2.5258e-12
2.545 3.95759e-12
2.55 6.16948e-12
2.555 9.56866e-12
2.56 1.47651e-11
2.565 2.26676e-11
2.57 3.46224e-11
2.575 5.26124e-11
2.58 7.95425e-11
2.585 1.19643e-10
2.59 1.79042e-10
2.595 2.66562e-10
2.6 3.94836e-10
2.605 5.81848e-10
2.61 8.53048e-10
2.615 1.24425e-09
2.62 1.80557e-09
2.625 2.60668e-09
2.63 3.74392e-09
2.635 5.34973e-09
2.64 7.60501e-09
2.645 1.07555e-08
2.65 1.51328e-08
2.655 2.1182e-08
2.66 2.94966e-08
2.665 4.08629e-08
2.67 5.6317e-08
2.675 7.72145e-08
2.68 1.05319e-07
2.685 1.42909e-07
2.69 1.92909e-07
2.695 2.59053e-07
2.7 3.46067e-07
2.705 4.59903e-07
2.71 6.08001e-07
2.715 7.99594e-07
2.72 1.04607e-06
2.725 1.36136e-06
2.73 1.76239e-06
2.735 2.26957e-06
2.74 2.90735e-06
2.745 3.70471e-06
2.75 4.69584e-06
2.755 5.92062e-06
2.76 7.42527e-06
2.765 9.26281e-06
2.77 1.14935e-05
2.775 1.41852e-05
2.78 1.74135e-05
2.785 2.12616e-05
2.79 2.58201e-05
2.795 3.11864e-05
2.8 3.74635e-05
2.805 4.47588e-05
2.81 5.31821e-05
2.815 6.28435e-05
2.82 7.385e-05
2.825 8.63027e-05
2.83 0.000100293
2.835 0.000115896
2.84 0.000133171
2.845 0.000152151
2.85 0.000172841
2.855 0.000195211
2.86 0.000219193
2.865 0.000244674
2.87 0.000271497
2.875 0.00029945
2.88 0.000328275
2.885 0.000357657
2.89 0.000387233
2.895 0.000416591
2.9 0.000445275
2.905 0.000472792
2.91 0.000498621
2.915 0.000522222
2.92 0.000543048
2.925 0.00056056
2.93 0.000574235
2.935 0.00058359
2.94 0.000588185
2.945 0.000587648
2.95 0.00058168
2.955 0.000570074
2.96 0.000552716
2.965 0.000529602
2.97 0.000500836
2.975 0.000466634
2.98 0.000427322
2.985 0.000383332
2.99 0.000335193
2.995 0.000283521
3 0.000229004
3.005 0.000172387
3.01 0.000114456
3.015 5.6016e-05
3.02 -2.12549e-06
3.025 -5.91788e-05
3.03 -0.00011439
3.035 -0.000167057
3.04 -0.000216546
3.045 -0.000262304
3.05 -0.000303866
3.055 -0.000340865
3.06 -0.000373036
3.065 -0.000400214
3.07 -0.000422336
3.075 -0.000439432
3.08 -0.000451624
3.085 -0.000459109
3.09 -0.000462158
3.095 -0.000461096
3.1 -0.000456295
3.105 -0.000448159
3.11 -0.000437115
3.115 -0.000423595
3.12 -0.000408035
3.125 -0.000390857
3.13 -0.000372463
3.135 -0.000353232
3.14 -0.00033351
3.145 -0.00031361
3.15 -0.000293804
3.155 -0.000274331
3.16 -0.000255387
3.165 -0.000237133
3.17 -0.000219694
3.175 -0.000203164
3.18 -0.000187604
3.185 -0.000173053
3.19 -0.000159522
3.195 -0.000147007
3.2 -0.000135485
3.205 -0.000124922
3.21 -0.000115275
3.215 -0.00010649
3.22 -9.85131e-05
3.225 -9.12849e-05
3.23 -8.47461e-05
3.235 -7.88377e-05
3.24 -7.35026e-05
3.245 -6.8686e-05
3.25 -6.43362e-05
3.255 -6.04051e-05
3.26 -5.68483e-05
3.265 -5.36252e-05
3.27 -5.0699e-05
3.275 -4.80365e-05
3.28 -4.56082e-05
3.285 -4.33876e-05
3.29 -4.13515e-05
3.295 -3.94791e-05
3.3 -3.77524e-05
3.305 -3.61555e-05
3.31 -3.46744e-05
3.315 -3.32971e-05
3.32 -3.20129e-05
3.325 -3.08125e-05
3.33 -2.96877e-05
3.335 -2.86315e-05
3.34 -2.76376e-05
3.345 -2.67004e-05
3.35 -2.58153e-05
3.355 -2.49778e-05
3.36 -2.41842e-05
3.365 -2.3431e-05
3.37 -2.27154e-05
3.375 -2.20344e-05
3.38 -2.13858e-05
3.385 -2.07673e-05
3.39 -2.01769e-05
3.395 -1.96128e-05
3.4 -1.90733e-05
3.405 -1.85569e-05
3.41 -1.80622e-05
3.415 -1.7588e-05
3.42 -1.7133e-05
3.425 -1.66963e-05
3.43 -1.62767e-05
3.435 -1.58733e-05
3.44 -1.54854e-05
3.445 -1.5112e-05
3.45 -1.47524e-05
3.455 -1.44059e-05
3.46 -1.40719e-05
3.465 -1.37498e-05
3.47 -1.34389e-05
3.475 -1.31388e-05
3.48 -1.28489e-05
3.485 -1.25687e-05
3.49 -1.22979e-05
3.495 -1.2036e-05
3.5 -1.17825e-05
3.505 -1.15372e-05
3.51 -1.12997e-05
3.515 -1.10696e-05
3.52 -1.08466e-05
3.525 -1.06304e-05
3.53 -1.04208e-05
3.535 -1.02174e-05
3.54 -1.00201e-05
3.545 -9.82854e-06
3.55 -9.64254e-06
3.555 -9.46187e-06
3.56 -9.28633e-06
3.565 -9.11572e-06
3.57 -8.94986e-06
3.575 -8.78856e-06
3.58 -8.63166e-06
3.585 -8.479e-06
3.59 -8.33042e-06
3.595 -8.18577e-06
3.6 -8.04492e-06
3.605 -7.90774e-06
3.61 -7.77409e-06
3.615 -7.64384e-06
3.62 -7.5169e-06
3.625 -7.39313e-06
3.63 -7.27245e-06
3.635 -7.15473e-06
3.64 -7.03989e-06
3.645 -6.92783e-06
3.65 -6.81846e-06
3.655 -6.7117e-06
3.66 -6.60745e-06
3.665 -6.50565e-06
3.67 -6.40621e-06
3.675 -6.30906e-06
3.68 -6.21413e-06
3.685 -6.12135e-06
3.69 -6.03066e-06
3.695 -5.94199e-06
3.7 -5.85529e-06
3.705 -5.77049e-06
3.71 -5.68754e-06
3.715 -5.60638e-06
3.72 -5.52697e-06
3.725 -5.44925e-06
3.73 -5.37318e-06
3.735 -5.2987e-06
3.74 -5.22578e-06
3.745 -5.15436e-06
3.75 -5.08442e-06
3.755 -5.0159e-06
3.76 -4.94877e-06
3.765 -4.883e-06
3.77 -4.81853e-06
3.775 -4.75535e-06
3.78 -4.69341e-06
3.785 -4.63269e-06
3.79 -4.57314e-06
3.795 -4.51475e-06
3.8 -4.45748e-06
3.805 -4.4013e-06
3.81 -4.34618e-06
3.815 -4.2921e-06
3.82 -4.23903e-06
3.825 -4.18695e-06
3.83 -4.13583e-06
3.835 -4.08565e-06
3.84 -4.03638e-06
3.845 -3.988e-06
3.85 -3.9405e-06
3.855 -3.89384e-06
3.86 -3.84802e-06
3.865 -3.803e-06
3.87 -3.75878e-06
3.875 -3.71532e-06
3.88 -3.67262e-06
3.885 -3.63066e-06
3.89 -3.58942e-06
3.895 -3.54888e-06
3.9 -3.50903e-06
3.905 -3.46985e-06
3.91 -3.43133e-06
3.915 -3.39345e-06
3.92 -3.3562e-06
3.925 -3.31956e-06
3.93 -3.28352e-06
3.935 -3.24807e-06
3.94 -3.21319e-06
3.945 -3.17888e-06
3.95 -3.14511e-06
3.955 -3.11189e-06
3.96 -3.07919e-06
3.965 -3.047e-06
3.97 -3.01532e-06
3.975 -2.98414e-06
3.98 -2.95344e-06
3.985 -2.92321e-06
3.99 -2.89344e-06
3.995 -2.86414e-06
4 -2.83527e-06
4.005 -2.80685e-06
4.01 -2.77885e-06
4.015 -2.75127e-06
4.02 -2.7241e-06
4.025 -2.69733e-06
4.03 -2.67096e-06
4.035 -2.64497e-06
4.04 -2.61936e-06
4.045 -2.59413e-06
4.05 -2.56926e-06
4.055 -2.54475e-06
4.06 -2.52058e-06
4.065 -2.49677e-06
4.07 -2.47328e-06
4.075 -2.45014e-06
4.08 -2.42731e-06
4.085 -2.40481e-06
4.09 -2.38261e-06
4.095 -2.36073e-06
4.1 -2.33914e-06
4.105 -2.31786e-06
4.11 -2.29686e-06
4.115 -2.27615e-06
4.12 -2.25571e-06
4.125 -2.23556e-06
4.13 -2.21567e-06
4.135 -2.19605e-06
4.14 -2.17668e-06
4.145 -2.15758e-06
4.15 -2.13873e-06
4.155 -2.12012e-06
4.16 -2.10175e-06
4.165 -2.08363e-06
4.17 -2.06574e-06
4.175 -2.04807e-06
4.18 -2.03064e-06
4.185 -2.01343e-06
4.19 -1.99643e-06
4.195 -1.97966e-06
4.2 -1.96309e-06
4.205 -1.94673e-06
4.21 -1.93057e-06
4.215 -1.91462e-06
4.22 -1.89886e-06
4.225 -1.8833e-06
4.23 -1.86793e-06
4.235 -1.85275e-06
4.24 -1.83775e-06
4.245 -1.82293e-06
4.25 -1.8083e-06
4.255 -1.79384e-06
4.26 -1.77955e-06
4.265 -1.76543e-06
4.27 -1.75148e-06
4.275 -1.7377e-06
4.28 -1.72408e-06
4.285 -1.71062e-06
4.29 -1.69731e-06
4.295 -1.68416e-06
4.3 -1.67117e-06
4.305 -1.65832e-06
4.31 -1.64562e-06
4.315 -1.63307e-06
4.32 -1.62066e-06
4.325 -1.6084e-06
4.33 -1.59627e-06
4.335 -1.58428e-06
4.34 -1.57242e-06
4.345 -1.5607e-06
4.35 -1.54911e-06
4.355 -1.53764e-06
4.36 -1.52631e-06
4.365 -1.5151e-06
4.37 -1.50401e-06
4.375 -1.49304e-06
4.38 -1.4822e-06
4.385 -1.47147e-06
4.39 -1.46086e-06
4.395 -1.45036e-06
4.4 -1.43998e-06
4.405 -1.4297e-06
4.41 -1.41954e-06
4.415 -1.40949e-06
4.42 -1.39954e-06
4.425 -1.3897e-06
4.43 -1.37996e-06
4.435 -1.37032e-06
4.44 -1.36079e-06
4.445 -1.35135e-06
4.45 -1.34201e-06
4.455 -1.33277e-06
4.46 -1.32362e-06
4.465 -1.31457e-06
4.47 -1.30561e-06
4.475 -1.29675e-06
4.48 -1.28797e-06
4.485 -1.27928e-06
4.49 -1.27068e-06
4.495 -1.26216e-06
4.5 -1.25374e-06
4.505 -1.24539e-06
4.51 -1.23713e-06
4.515 -1.22895e-06
4.52 -1.22085e-06
4.525 -1.21284e-06
4.53 -1.2049e-06
4.535 -1.19704e-06
4.54 -1.18926e-06
4.545 -1.18155e-06
4.55 -1.17392e-06
4.555 -1.16636e-06
4.56 -1.15888e-06
4.565 -1.15147e-06
4.57 -1.14414e-06
4.575 -1.13688e-06
4.58 -1.1297e-06
4.585 -1.12259e-06
4.59 -1.11556e-06
4.595 -1.10861e-06
4.6 -1.10175e-06
4.605 -1.09497e-06
4.61 -1.0883e-06
4.615 -1.08174e-06
4.62 -1.0753e-06
4.625 -1.069e-06
4.63 -1.06287e-06
4.635 -1.05695e-06
4.64 -1.05127e-06
4.645 -1.04589e-06
4.65 -1.04089e-06
4.655 -1.03635e-06
4.66 -1.03239e-06
4.665 -1.02915e-06
4.67 -1.02683e-06
4.675 -1.02565e-06
4.68 -1.02591e-06
4.685 -1.02796e-06
4.69 -1.03224e-06
4.695 -1.0393e-06
4.7 -1.0498e-06
4.705 -1.06455e-06
4.71 -1.08452e-06
4.715 -1.11087e-06
4.72 -1.14502e-06
4.725 -1.18863e-06
4.73 -1.24367e-06
4.735 -1.31244e-06
4.74 -1.39766e-06
4.745 -1.50247e-06
4.75 -1.63048e-06
4.755 -1.78586e-06
4.76 -1.97333e-06
4.765 -2.19824e-06
4.77 -2.46657e-06
4.775 -2.78502e-06
4.78 -3.16094e-06
4.785 -3.6024e-06
4.79 -4.11814e-06
4.795 -4.71756e-06
4.8 -5.41061e-06
4.805 -6.20773e-06
4.81 -7.11973e-06
4.815 -8.15759e-06
4.82 -9.33233e-06
4.825 -1.06547e-05
4.83 -1.21349e-05
4.835 -1.37824e-05
4.84 -1.56053e-05
4.845 -1.76103e-05
4.85 -1.9802e-05
4.855 -2.21828e-05
4.86 -2.47518e-05
4.865 -2.75053e-05
4.87 -3.04357e-05
4.875 -3.35312e-05
4.88 -3.67758e-05
4.885 -4.01488e-05
4.89 -4.36246e-05
4.895 -4.71729e-05
4.9 -5.07585e-05
4.905 -5.43415e-05
4.91 -5.78778e-05
4.915 -6.13198e-05
4.92 -6.46163e-05
4.925 -6.77142e-05
4.93 -7.05589e-05
4.935 -7.30955e-05
4.94 -7.52702e-05
4.945 -7.7031e-05
4.95 -7.83298e-05
4.955 -7.91229e-05
4.96 -7.93729e-05
4.965 -7.90497e-05
4.97 -7.81313e-05
4.975 -7.66051e-05
4.98 -7.44684e-05
4.985 -7.17292e-05
4.99 -6.84059e-05
4.995 -6.45275e-05
5 -6.01336e-05
5.005 -5.52729e-05
5.01 -5.00033e-05
5.015 -4.439e-05
5.02 -3.85043e-05
5.025 -3.24221e-05
5.03 -2.62223e-05
5.035 -1.99847e-05
5.04 -1.37885e-05
5.045 -7.71017e-06
5.05 -1.8223e-06
5.055 3.80843e-06
5.06 9.12231e-06
5.065 1.40678e-05
5.07 1.86022e-05
5.075 2.26925e-05
5.08 2.63155e-05
5.085 2.94576e-05
5.09 3.21147e-05
5.095 3.42918e-05
5.1 3.6002e-05
5.105 3.72656e-05
5.11 3.81092e-05
5.115 3.85645e-05
5.12 3.86667e-05
5.125 3.84542e-05
5.13 3.79664e-05
5.135 3.72435e-05
5.14 3.63248e-05
5.145 3.52485e-05
5.15 3.40504e-05
5.155 3.27639e-05
5.16 3.1419e-05
5.165 3.00424e-05
5.17 2.86575e-05
5.175 2.72838e-05
5.18 2.59376e-05
5.185 2.4632e-05
5.19 2.33767e-05
5.195 2.21791e-05
5.2 2.10438e-05
5.205 1.99736e-05
5.21 1.89693e-05
5.215 1.80306e-05
5.22 1.71557e-05
5.225 1.63422e-05
5.23 1.55869e-05
5.235 1.48864e-05
5.24 1.4237e-05
5.245 1.36348e-05
5.25 1.30761e-05
5.255 1.25572e-05
5.26 1.20747e-05
5.265 1.16252e-05
5.27 1.12058e-05
5.275 1.08137e-05
5.28 1.04464e-05
5.285 1.01017e-05
5.29 9.77746e-06
5.295 9.47189e-06
5.3 9.18338e-06
5.305 8.91047e-06
5.31 8.65188e-06
5.315 8.40645e-06
5.32 8.17317e-06
5.325 7.95111e-06
5.33 7.73945e-06
5.335 7.53745e-06
5.34 7.34446e-06
5.345 7.15986e-06
5.35 6.98311e-06
5.355 6.81373e-06
5.36 6.65124e-06
5.365 6.49525e-06
5.37 6.34536e-06
5.375 6.20124e-06
5.38 6.06256e-06
5.385 5.92902e-06
5.39 5.80034e-06
5.395 5.67628e-06
5.4 5.55659e-06
5.405 5.44105e-06
5.41 5.32946e-06
5.415 5.22162e-06
5.42 5.11736e-06
5.425 5.0165e-06
5.43 4.9189e-06
5.435 4.82439e-06
5.44 4.73285e-06
5.445 4.64415e-06
5.45 4.55817e-06
5.455 4.4748e-06
5.46 4.39392e-06
5.465 4.31547e-06
5.47 4.23933e-06
5.475 4.16545e-06
5.48 4.09375e-06
5.485 4.02419e-06
5.49 3.95672e-06
5.495 3.89132e-06
5.5 3.82798e-06
5.505 3.76672e-06
5.51 3.70757e-06
5.515 3.6506e-06
5.52 3.59593e-06
5.525 3.5437e-06
5.53 3.49412e-06
5.535 3.44745e-06
5.54 3.40403e-06
5.545 3.36429e-06
5.55 3.32875e-06
5.555 3.29807e-06
5.56 3.27304e-06
5.565 3.25459e-06
5.57 3.24386e-06
5.575 3.24217e-06
5.58 3.2511e-06
5.585 3.27244e-06
5.59 3.30828e-06
5.595 3.361e-06
5.6 3.43332e-06
5.605 3.52825e-06
5.61 3.64916e-06
5.615 3.79978e-06
5.62 3.98414e-06
5.625 4.2066e-06
5.63 4.47182e-06
5.635 4.78468e-06
5.64 5.15022e-06
5.645 5.57359e-06
5.65 6.05992e-06
5.655 6.61421e-06
5.66 7.24117e-06
5.665 7.94508e-06
5.67 8.7296e-06
5.675 9.59758e-06
5.68 1.05509e-05
5.685 1.15901e-05
5.69 1.27143e-05
5.695 1.39212e-05
5.7 1.52064e-05
5.705 1.65637e-05
5.71 1.79845e-05
5.715 1.94584e-05
5.72 2.09724e-05
5.725 2.25115e-05
5.73 2.40583e-05
5.735 2.55935e-05
5.74 2.70963e-05
5.745 2.85439e-05
5.75 2.99129e-05
5.755 3.11788e-05
5.76 3.23173e-05
5.765 3.33043e-05
5.77 3.41165e-05
5.775 3.47325e-05
5.78 3.51327e-05
5.785 3.53004e-05
5.79 3.52221e-05
5.795 3.48879e-05
5.8 3.42924e-05
5.805 3.34341e-05
5.81 3.23164e-05
5.815 3.09473e-05
5.82 2.93395e-05
5.825 2.75099e-05
5.83 2.54796e-05
5.835 2.32735e-05
5.84 2.09195e-05
5.845 1.8448e-05
5.85 1.58912e-05
5.855 1.32824e-05
5.86 1.06553e-05
5.865 8.04299e-06
5.87 5.47738e-06
5.875 2.98856e-06
5.88 6.04128e-07
5.885 -1.65135e-06
5.89 -3.75672e-06
5.895 -5.69458e-06
5.9 -7.45143e-06
5.905 -9.01778e-06
5.91 -1.03881e-05
5.915 -1.15606e-05
5.92 -1.25372e-05
5.925 -1.33229e-05
5.93 -1.39257e-05
5.935 -1.43559e-05
5.94 -1.46259e-05
5.945 -1.47495e-05
5.95 -1.47416e-05
5.955 -1.46177e-05
5.96 -1.43936e-05
5.965 -1.40846e-05
5.97 -1.37059e-05
5.975 -1.32716e-05
5.98 -1.2795e-05
5.985 -1.22882e-05
5.99 -1.17621e-05
5.995 -1.12263e-05
6 -1.06888e-05
6.005 -1.01568e-05
6.01 -9.63584e-06
6.015 -9.13052e-06
6.02 -8.64431e-06
6.025 -8.17973e-06
6.03 -7.73847e-06
6.035 -7.3215e-06
6.04 -6.92918e-06
6.045 -6.56138e-06
6.05 -6.21757e-06
6.055 -5.89694e-06
6.06 -5.59844e-06
6.065 -5.32086e-06
6.07 -5.06292e-06
6.075 -4.82329e-06
6.08 -4.60063e-06
6.085 -4.39364e-06
6.09 -4.20105e-06
6.095 -4.02167e-06
6.1 -3.85438e-06
6.105 -3.69812e-06
6.11 -3.55195e-06
6.115 -3.41499e-06
6.12 -3.28644e-06
6.125 -3.16558e-06
6.13 -3.05175e-06
6.135 -2.94436e-06
6.14 -2.8429e-06
6.145 -2.74688e-06
6.15 -2.65588e-06
6.155 -2.56952e-06
6.16 -2.48744e-06
6.165 -2.40935e-06
6.17 -2.33495e-06
6.175 -2.26401e-06
6.18 -2.19628e-06
6.185 -2.13155e-06
6.19 -2.06964e-06
6.195 -2.01038e-06
6.2 -1.9536e-06
6.205 -1.89915e-06
6.21 -1.84691e-06
6.215 -1.79675e-06
6.22 -1.74855e-06
6.225 -1.70221e-06
6.23 -1.65762e-06
6.235 -1.61471e-06
6.24 -1.57337e-06
6.245 -1.53354e-06
6.25 -1.49513e-06
6.255 -1.45809e-06
6.26 -1.42233e-06
6.265 -1.38781e-06
6.27 -1.35447e-06
6.275 -1.32224e-06
6.28 -1.29109e-06
6.285 -1.26096e-06
6.29 -1.23181e-06
6.295 -1.20359e-06
6.3 -1.17627e-06
6.305 -1.14981e-06
6.31 -1.12417e-06
6.315 -1.09931e-06
6.32 -1.07522e-06
6.325 -1.05184e-06
6.33 -1.02917e-06
6.335 -1.00717e-06
6.34 -9.85803e-07
6.345 -9.6506e-07
6.35 -9.44912e-07
6.355 -9.25336e-07
6.36 -9.06312e-07
6.365 -8.87818e-07
6.37 -8.69837e-07
6.375 -8.52348e-07
6.38 -8.35335e-07
6.385 -8.1878e-07
6.39 -8.02667e-07
6.395 -7.86982e-07
6.4 -7.71709e-07
6.405 -7.56835e-07
6.41 -7.42345e-07
6.415 -7.28227e-07
6.42 -7.14469e-07
6.425 -7.01059e-07
6.43 -6.87984e-07
6.435 -6.75236e-07
6.44 -6.62802e-07
6.445 -6.50673e-07
6.45 -6.3884e-07
6.455 -6.27292e-07
6.46 -6.16022e-07
6.465 -6.05021e-07
6.47 -5.94279e-07
6.475 -5.83791e-07
6.48 -5.73547e-07
6.485 -5.63541e-07
6.49 -5.53765e-07
6.495 -5.44213e-07
6.5 -5.34879e-07
6.505 -5.25755e-07
6.51 -5.16836e-07
6.515 -5.08116e-07
6.52 -4.99589e-07
6.525 -4.9125e-07
6.53 -4.83094e-07
6.535 -4.75115e-07
6.54 -4.67309e-07
6.545 -4.5967e-07
6.55 -4.52195e-07
6.555 -4.44878e-07
6.56 -4.37717e-07
6.565 -4.30705e-07
6.57 -4.2384e-07
6.575 -4.17118e-07
6.58 -4.10534e-07
6.585 -4.04085e-07
6.59 -3.97768e-07
6.595 -3.9158e-07
6.6 -3.85516e-07
6.605 -3.79575e-07
6.61 -3.73752e-07
6.615 -3.68044e-07
6.62 -3.6245e-07
6.625 -3.56965e-07
6.63 -3.51588e-07
6.635 -3.46316e-07
6.64 -3.41146e-07
6.645 -3.36075e-07
6.65 -3.31102e-07
6.655 -3.26223e-07
6.66 -3.21437e-07
6.665 -3.16742e-07
6.67 -3.12134e-07
6.675 -3.07613e-07
6.68 -3.03176e-07
6.685 -2.98822e-07
6.69 -2.94547e-07
6.695 -2.90352e-07
6.7 -2.86232e-07
6.705 -2.82188e-07
6.71 -2.78217e-07
6.715 -2.74318e-07
6.72 -2.70488e-07
6.725 -2.66727e-07
6.73 -2.63033e-07
6.735 -2.59404e-07
6.74 -2.55839e-07
6.745 -2.52337e-07
6.75 -2.48895e-07
6.755 -2.45514e-07
6.76 -2.42191e-07
6.765 -2.38926e-07
6.77 -2.35716e-07
6.775 -2.32562e-07
6.78 -2.29461e-07
6.785 -2.26413e-07
6.79 -2.23416e-07
6.795 -2.2047e-07
6.8 -2.17573e-07
6.805 -2.14725e-07
6.81 -2.11923e-07
6.815 -2.09168e-07
6.82 -2.06459e-07
6.825 -2.03794e-07
6.83 -2.01172e-07
6.835 -1.98594e-07
6.84 -1.96057e-07
6.845 -1.93561e-07
6.85 -1.91105e-07
6.855 -1.88689e-07
6.86 -1.86311e-07
6.865 -1.83972e-07
6.87 -1.81669e-07
6.875 -1.79403e-07
6.88 -1.77172e-07
6.885 -1.74976e-07
6.89 -1.72815e-07
6.895 -1.70687e-07
6.9 -1.68593e-07
6.905 -1.6653e-07
6.91 -1.645e-07
6.915 -1.62501e-07
6.92 -1.60532e-07
6.925 -1.58593e-07
6.93 -1.56684e-07
6.935 -1.54803e-07
6.94 -1.52951e-07
6.945 -1.51127e-07
6.95 -1.4933e-07
6.955 -1.4756e-07
6.96 -1.45816e-07
6.965 -1.44098e-07
6.97 -1.42406e-07
6.975 -1.40738e-07
6.98 -1.39095e-07
6.985 -1.37476e-07
6.99 -1.3588e-07
6.995 -1.34308e-07
7 -1.32758e-07
7.005 -1.31231e-07
7.01 -1.29726e-07
7.015 -1.28242e-07
7.02 -1.2678e-07
7.025 -1.25338e-07
7.03 -1.23917e-07
7.035 -1.22516e-07
7.04 -1.21135e-07
7.045 -1.19773e-07
7.05 -1.1843e-07
7.055 -1.17106e-07
7.06 -1.15801e-07
7.065 -1.14514e-07
7.07 -1.13244e-07
7.075 -1.11992e-07
7.08 -1.10758e-07
7.085 -1.0954e-07
7.09 -1.08339e-07
7.095 -1.07154e-07
7.1 -1.05986e-07
7.105 -1.04833e-07
7.11 -1.03696e-07
7.115 -1.02574e-07
7.12 -1.01467e-07
7.125 -1.00375e-07
7.13 -9.92982e-08
7.135 -9.82353e-08
7.14 -9.71866e-08
7.145 -9.61517e-08
7.15 -9.51305e-08
7.155 -9.41228e-08
7.16 -9.31283e-08
7.165 -9.21468e-08
7.17 -9.11782e-08
7.175 -9.02221e-08
7.18 -8.92786e-08
7.185 -8.83472e-08
7.19 -8.74279e-08
7.195 -8.65204e-08
7.2 -8.56245e-08
7.205 -8.47402e-08
7.21 -8.38672e-08
7.215 -8.30053e-08
7.22 -8.21543e-08
7.225 -8.13141e-08
7.23 -8.04846e-08
7.235 -7.96655e-08
7.24 -7.88567e-08
7.245 -7.80581e-08
7.25 -7.72695e-08
7.255 -7.64907e-08
7.26 -7.57215e-08
7.265 -7.4962e-08
7.27 -7.42118e-08
7.275 -7.34709e-08
7.28 -7.27392e-08
7.285 -7.20164e-08
7.29 -7.13025e-08
7.295 -7.05973e-08
7.3 -6.99007e-08
7.305 -6.92125e-08
7.31 -6.85327e-08
7.315 -6.78612e-08
7.32 -6.71977e-08
7.325 -6.65423e-08
7.33 -6.58947e-08
7.335 -6.52548e-08
7.34 -6.46227e-08
7.345 -6.3998e-08
7.35 -6.33808e-08
7.355 -6.27709e-08
7.36 -6.21682e-08
7.365 -6.15726e-08
7.37 -6.09841e-08
7.375 -6.04024e-08
7.38 -5.98276e-08
7.385 -5.92595e-08
7.39 -5.8698e-08
7.395 -5.81431e-08
7.4 -5.75946e-08
7.405 -5.70524e-08
7.41 -5.65166e-08
7.415 -5.59869e-08
7.42 -5.54632e-08
7.425 -5.49456e-08
7.43 -5.4434e-08
7.435 -5.39281e-08
7.44 -5.3428e-08
7.445 -5.29337e-08
7.45 -5.24449e-08
7.455 -5.19616e-08
7.46 -5.14838e-08
7.465 -5.10114e-08
7.47 -5.05443e-08
7.475 -5.00825e-08
7.48 -4.96258e-08
7.485 -4.91742e-08
7.49 -4.87276e-08
7.495 -4.8286e-08
7.5 -4.78493e-08
7.505 -4.74174e-08
7.51 -4.69903e-08
7.515 -4.65679e-08
7.52 -4.61502e-08
7.525 -4.5737e-08
7.53 -4.53284e-08
7.535 -4.49242e-08
7.54 -4.45244e-08
7.545 -4.4129e-08
7.55 -4.37378e-08
7.555 -4.33509e-08
7.56 -4.29682e-08
7.565 -4.25896e-08
7.57 -4.22151e-08
7.575 -4.18446e-08
7.58 -4.1478e-08
7.585 -4.11154e-08
7.59 -4.07567e-08
7.595 -4.04017e-08
7.6 -4.00506e-08
7.605 -3.97031e-08
7.61 -3.93594e-08
7.615 -3.90193e-08
7.62 -3.86827e-08
7.625 -3.83497e-08
7.63 -3.80202e-08
7.635 -3.76941e-08
7.64 -3.73715e-08
7.645 -3.70522e-08
7.65 -3.67362e-08
7.655 -3.64236e-08
7.66 -3.61141e-08
7.665 -3.58079e-08
7.67 -3.55048e-08
7.675 -3.52048e-08
7.68 -3.4908e-08
7.685 -3.46142e-08
7.69 -3.43233e-08
7.695 -3.40355e-08
7.7 -3.37506e-08
7.705 -3.34686e-08
7.71 -3.31895e-08
7.715 -3.29132e-08
7.72 -3.26397e-08
7.725 -3.23689e-08
7.73 -3.21009e-08
7.735 -3.18356e-08
7.74 -3.15729e-08
7.745 -3.13129e-08
7.75 -3.10555e-08
7.755 -3.08007e-08
7.76 -3.05484e-08
7.765 -3.02986e-08
7.77 -3.00512e-08
7.775 -2.98064e-08
7.78 -2.9564e-08
7.785 -2.93239e-08
7.79 -2.90862e-08
7.795 -2.88509e-08
7.8 -2.86179e-08
7.805 -2.83871e-08
7.81 -2.81586e-08
7.815 -2.79324e-08
7.82 -2.77083e-08
7.825 -2.74865e-08
7.83 -2.72667e-08
7.835 -2.70492e-08
7.84 -2.68337e-08
7.845 -2.66203e-08
7.85 -2.64089e-08
7.855 -2.61996e-08
7.86 -2.59923e-08
7.865 -2.5787e-08
7.87 -2.55837e-08
7.875 -2.53823e-08
7.88 -2.51828e-08
7.885 -2.49852e-08
7.89 -2.47895e-08
7.895 -2.45957e-08
7.9 -2.44036e-08
7.905 -2.42134e-08
7.91 -2.4025e-08
7.915 -2.38384e-08
7.92 -2.36535e-08
7.925 -2.34704e-08
7.93 -2.3289e-08
7.935 -2.31093e-08
7.94 -2.29312e-08
7.945 -2.27548e-08
7.95 -2.25801e-08
7.955 -2.2407e-08
7.96 -2.22354e-08
7.965 -2.20655e-08
7.97 -2.18971e-08
7.975 -2.17303e-08
7.98 -2.15651e-08
7.985 -2.14013e-08
7.99 -2.12391e-08
7.995 -2.10783e-08
8 -2.0919e-08
8.005 -2.07612e-08
8.01 -2.06048e-08
8.015 -2.04498e-08
8.02 -2.02963e-08
8.025 -2.01441e-08
8.03 -1.99933e-08
8.035 -1.98439e-08
8.04 -1.96958e-08
8.045 -1.9549e-08
8.05 -1.94036e-08
8.055 -1.92595e-08
8.06 -1.91166e-08
8.065 -1.89751e-08
8.07 -1.88348e-08
8.075 -1.86958e-08
8.08 -1.8558e-08
8.085 -1.84214e-08
8.09 -1.8286e-08
8.095 -1.81519e-08
8.1 -1.80189e-08
8.105 -1.78871e-08
8.11 -1.77565e-08
8.115 -1.7627e-08
8.12 -1.74986e-08
8.125 -1.73714e-08
8.13 -1.72453e-08
8.135 -1.71203e-08
8.14 -1.69964e-08
8.145 -1.68736e-08
8.15 -1.67518e-08
8.155 -1.66311e-08
8.16 -1.65115e-08
8.165 -1.63929e-08
8.17 -1.62753e-08
8.175 -1.61587e-08
8.18 -1.60431e-08
8.185 -1.59286e-08
8.19 -1.5815e-08
8.195 -1.57024e-08
8.2 -1.55907e-08
8.205 -1.54801e-08
8.21 -1.53703e-08
8.215 -1.52615e-08
8.22 -1.51536e-08
8.225 -1.50467e-08
8.23 -1.49406e-08
8.235 -1.48355e-08
8.24 -1.47312e-08
8.245 -1.46278e-08
8.25 -1.45253e-08
8.255 -1.44237e-08
8.26 -1.43229e-08
8.265 -1.4223e-08
8.27 -1.41239e-08
8.275 -1.40256e-08
8.28 -1.39281e-08
8.285 -1.38315e-08
8.29 -1.37357e-08
8.295 -1.36406e-08
8.3 -1.35464e-08
8.305 -1.3453e-08
8.31 -1.33603e-08
8.315 -1.32684e-08
8.32 -1.31772e-08
8.325 -1.30868e-08
8.33 -1.29971e-08
8.335 -1.29082e-08
8.34 -1.282e-08
8.345 -1.27326e-08
8.35 -1.26458e-08
8.355 -1.25598e-08
8.36 -1.24745e-08
8.365 -1.23898e-08
8.37 -1.23059e-08
8.375 -1.22226e-08
8.38 -1.214e-08
8.385 -1.20581e-08
8.39 -1.19769e-08
8.395 -1.18963e-08
8.4 -1.18163e-08
8.405 -1.1737e-08
8.41 -1.16584e-08
8.415 -1.15803e-08
8.42 -1.15029e-08
8.425 -1.14261e-08
8.43 -1.135e-08
8.435 -1.12744e-08
8.44 -1.11995e-08
8.445 -1.11251e-08
8.45 -1.10514e-08
8.455 -1.09782e-08
8.46 -1.09056e-08
8.465 -1.08336e-08
8.47 -1.07621e-08
8.475 -1.06912e-08
8.48 -1.06209e-08
8.485 -1.05511e-08
8.49 -1.04819e-08
8.495 -1.04132e-08
8.5 -1.03451e-08
8.505 -1.02775e-08
8.51 -1.02104e-08
8.515 -1.01439e-08
8.52 -1.00779e-08
8.525 -1.00123e-08
8.53 -9.94734e-09
8.535 -9.88285e-09
8.54 -9.81885e-09
8.545 -9.75536e-09
8.55 -9.69235e-09
8.555 -9.62983e-09
8.56 -9.5678e-09
8.565 -9.50624e-09
8.57 -9.44516e-09
8.575 -9.38454e-09
8.58 -9.3244e-09
8.585 -9.26471e-09
8.59 -9.20548e-09
8.595 -9.14671e-09
8.6 -9.08839e-09
8.605 -9.03051e-09
8.61 -8.97307e-09
8.615 -8.91607e-09
8.62 -8.8595e-09
8.625 -8.80336e-09
8.63 -8.74765e-09
8.635 -8.69236e-09
8.64 -8.63749e-09
8.645 -8.58303e-09
8.65 -8.52899e-09
8.655 -8.47535e-09
8.66 -8.42211e-09
8.665 -8.36928e-09
8.67 -8.31684e-09
8.675 -8.2648e-09
8.68 -8.21314e-09
8.685 -8.16187e-09
8.69 -8.11098e-09
8.695 -8.06048e-09
8.7 -8.01034e-09
8.705 -7.96059e-09
8.71 -7.9112e-09
8.715 -7.86218e-09
8.72 -7.81352e-09
8.725 -7.76522e-09
8.73 -7.71728e-09
8.735 -7.66969e-09
8.74 -7.62245e-09
8.745 -7.57556e-09
8.75 -7.52902e-09
8.755 -7.48281e-09
8.76 -7.43695e-09
8.765 -7.39142e-09
8.77 -7.34623e-09
8.775 -7.30136e-09
8.78 -7.25683e-09
8.785 -7.21261e-09
8.79 -7.16872e-09
8.795 -7.12515e-09
8.8 -7.0819e-09
8.805 -7.03895e-09
8.81 -6.99632e-09
8.815 -6.954e-09
8.82 -6.91199e-09
8.825 -6.87027e-09
8.83 -6.82886e-09
8.835 -6.78775e-09
8.84 -6.74693e-09
8.845 -6.7064e-09
8.85 -6.66617e-09
8.855 -6.62622e-09
8.86 -6.58656e-09
8.865 -6.54718e-09
8.87 -6.50809e-09
8.875 -6.46927e-09
8.88 -6.43073e-09
8.885 -6.39246e-09
8.89 -6.35447e-09
8.895 -6.31674e-09
8.9 -6.27928e-09
8.905 -6.24209e-09
8.91 -6.20516e-09
8.915 -6.16849e-09
8.92 -6.13208e-09
8.925 -6.09592e-09
8.93 -6.06002e-09
8.935 -6.02438e-09
8.94 -5.98898e-09
8.945 -5.95383e-09
8.95 -5.91893e-09
8.955 -5.88427e-09
8.96 -5.84985e-09
8.965 -5.81567e-09
8.97 -5.78173e-09
8.975 -5.74803e-09
8.98 -5.71456e-09
8.985 -5.68133e-09
8.99 -5.64832e-09
8.995 -5.61554e-09
9 -5.58299e-09
9.005 -5.55067e-09
9.01 -5.51857e-09
9.015 -5.48669e-09
9.02 -5.45503e-09
9.025 -5.42358e-09
9.03 -5.39236e-09
9.035 -5.36134e-09
9.04 -5.33054e-09
9.045 -5.29995e-09
9.05 -5.26957e-09
9.055 -5.2394e-09
9.06 -5.20943e-09
9.065 -5.17967e-09
9.07 -5.15011e-09
9.075 -5.12075e-09
9.08 -5.09159e-09
9.085 -5.06263e-09
9.09 -5.03387e-09
9.095 -5.0053e-09
9.1 -4.97692e-09
9.105 -4.94873e-09
9.11 -4.92074e-09
9.115 -4.89293e-09
9.12 -4.86531e-09
9.125 -4.83788e-09
9.13 -4.81063e-09
9.135 -4.78356e-09
9.14 -4.75668e-09
9.145 -4.72997e-09
9.15 -4.70344e-09
9.155 -4.67709e-09
9.16 -4.65092e-09
9.165 -4.62492e-09
9.17 -4.59909e-09
9.175 -4.57344e-09
9.18 -4.54795e-09
9.185 -4.52264e-09
9.19 -4.49749e-09
9.195 -4.47251e-09
9.2 -4.44769e-09
9.205 -4.42304e-09
9.21 -4.39855e-09
9.215 -4.37422e-09
9.22 -4.35006e-09
9.225 -4.32605e-09
9.23 -4.3022e-09
9.235 -4.2785e-09
9.24 -4.25496e-09
9.245 -4.23158e-09
9.25 -4.20834e-09
9.255 -4.18526e-09
9.26 -4.16233e-09
9.265 -4.13955e-09
9.27 -4.11692e-09
9.275 -4.09444e-09
9.28 -4.0721e-09
9.285 -4.0499e-09
9.29 -4.02785e-09
9.295 -4.00595e-09
9.3 -3.98418e-09
9.305 -3.96256e-09
9.31 -3.94107e-09
9.315 -3.91972e-09
9.32 -3.89851e-09
9.325 -3.87744e-09
9.33 -3.8565e-09
9.335 -3.8357e-09
9.34 -3.81503e-09
9.345 -3.79449e-09
9.35 -3.77409e-09
9.355 -3.75381e-09
9.36 -3.73367e-09
9.365 -3.71365e-09
9.37 -3.69376e-09
9.375 -3.674e-09
9.38 -3.65436e-09
9.385 -3.63485e-09
9.39 -3.61546e-09
9.395 -3.5962e-09
9.4 -3.57705e-09
9.405 -3.55803e-09
9.41 -3.53913e-09
9.415 -3.52035e-09
9.42 -3.50168e-09
9.425 -3.48313e-09
9.43 -3.4647e-09
9.435 -3.44639e-09
9.44 -3.42819e-09
9.445 -3.41011e-09
9.45 -3.39213e-09
9.455 -3.37428e-09
9.46 -3.35653e-09
9.465 -3.33889e-09
9.47 -3.32136e-09
9.475 -3.30395e-09
9.48 -3.28664e-09
9.485 -3.26944e-09
9.49 -3.25234e-09
9.495 -3.23536e-09
9.5 -3.21847e-09
9.505 -3.2017e-09
9.51 -3.18502e-09
9.515 -3.16845e-09
9.52 -3.15198e-09
9.525 -3.13562e-09
9.53 -3.11935e-09
9.535 -3.10319e-09
9.54 -3.08712e-09
9.545 -3.07115e-09
9.55 -3.05528e-09
9.555 -3.03951e-09
9.56 -3.02384e-09
9.565 -3.00826e-09
9.57 -2.99277e-09
9.575 -2.97738e-09
9.58 -2.96209e-09
9.585 -2.94689e-09
9.59 -2.93178e-09
9.595 -2.91676e-09
9.6 -2.90183e-09
9.605 -2.887e-09
9.61 -2.87225e-09
9.615 -2.8576e-09
9.62 -2.84303e-09
9.625 -2.82855e-09
9.63 -2.81416e-09
9.635 -2.79985e-09
9.64 -2.78563e-09
9.645 -2.7715e-09
9.65 -2.75745e-09
9.655 -2.74349e-09
9.66 -2.72961e-09
9.665 -2.71582e-09
9.67 -2.7021e-09
9.675 -2.68847e-09
9.68 -2.67492e-09
9.685 -2.66145e-09
9.69 -2.64806e-09
9.695 -2.63476e-09
9.7 -2.62153e-09
9.705 -2.60838e-09
9.71 -2.59531e-09
9.715 -2.58231e-09
9.72 -2.56939e-09
9.725 -2.55655e-09
9.73 -2.54379e-09
9.735 -2.5311e-09
9.74 -2.51849e-09
9.745 -2.50595e-09
9.75 -2.49348e-09
9.755 -2.48109e-09
9.76 -2.46877e-09
9.765 -2.45653e-09
9.77 -2.44435e-09
9.775 -2.43225e-09
9.78 -2.42022e-09
9.785 -2.40826e-09
9.79 -2.39637e-09
9.795 -2.38455e-09
9.8 -2.3728e-09
9.805 -2.36111e-09
9.81 -2.3495e-09
9.815 -2.33795e-09
9.82 -2.32647e-09
9.825 -2.31506e-09
9.83 -2.30371e-09
9.835 -2.29243e-09
9.84 -2.28121e-09
9.845 -2.27006e-09
9.85 -2.25898e-09
9.855 -2.24796e-09
9.86 -2.237e-09
9.865 -2.2261e-09
9.87 -2.21527e-09
9.875 -2.2045e-09
9.88 -2.1938e-09
9.885 -2.18315e-09
9.89 -2.17257e-09
9.895 -2.16204e-09
9.9 -2.15158e-09
9.905 -2.14118e-09
9.91 -2.13083e-09
9.915 -2.12055e-09
9.92 -2.11032e-09
9.925 -2.10016e-09
9.93 -2.09005e-09
9.935 -2.08e-09
9.94 -2.07e-09
9.945 -2.06006e-09
9.95 -2.05018e-09
9.955 -2.04036e-09
9.96 -2.03059e-09
9.965 -2.02088e-09
9.97 -2.01122e-09
9.975 -2.00161e-09
9.98 -1.99206e-09
9.985 -1.98257e-09
9.99 -1.97313e-09
9.995 -1.96374e-09
